0 0.131342 0.694111 0.139497 0.829640 0.391749 0.821102 0.383594 0.685574
0 0.120650 0.407139 0.123583 0.546200 0.378993 0.543170 0.376061 0.404109
0 0.376170 0.107444 0.373750 0.248350 0.627480 0.250801 0.629900 0.109895
0 0.657328 0.125210 0.655797 0.260989 0.898835 0.262529 0.900365 0.126751
0 0.117729 0.258020 0.120313 0.400903 0.384932 0.398211 0.382348 0.255328
0 0.392801 0.263834 0.395187 0.407351 0.663656 0.404840 0.661270 0.261324
0 0.660674 0.272469 0.667662 0.404507 0.909676 0.397302 0.902689 0.265264
0 0.406375 0.549176 0.407869 0.682558 0.649356 0.681036 0.647862 0.547655
0 0.128127 0.549497 0.132698 0.690436 0.391605 0.685712 0.387034 0.544774
0 0.641079 0.547972 0.641476 0.677406 0.897519 0.676963 0.897122 0.547529
0 0.654388 0.412074 0.653479 0.541406 0.903053 0.542393 0.903962 0.413061
0 0.664834 0.684866 0.660481 0.818362 0.893887 0.822643 0.898240 0.689147
0 0.416267 0.692440 0.417611 0.818935 0.664041 0.817461 0.662697 0.690967
