0 0.655727 0.111289 0.650908 0.257221 0.909278 0.262020 0.914097 0.116088
0 0.655154 0.285087 0.651328 0.424445 0.898783 0.428266 0.902608 0.288908
0 0.081641 0.618841 0.087531 0.753050 0.355920 0.746425 0.350030 0.612215
0 0.654518 0.760993 0.653077 0.888271 0.881458 0.889726 0.882899 0.762447
0 0.376671 0.755134 0.372154 0.887733 0.618557 0.892455 0.623074 0.759856
0 0.380388 0.609521 0.380664 0.741757 0.638337 0.741455 0.638061 0.609219
0 0.654656 0.608751 0.654741 0.743563 0.901954 0.743475 0.901869 0.608663
0 0.346576 0.067752 0.342924 0.244483 0.645063 0.247995 0.648715 0.071265
0 0.352779 0.452746 0.355575 0.588920 0.624498 0.585815 0.621702 0.449640
0 0.061189 0.446114 0.054691 0.594534 0.317460 0.601005 0.323958 0.452585
0 0.356892 0.277991 0.360914 0.434160 0.630888 0.430248 0.626865 0.274080
0 0.658851 0.445897 0.657206 0.588400 0.912637 0.590059 0.914281 0.447555
