0 0.657715 0.201348 0.645943 0.332130 0.877214 0.343840 0.888986 0.213058
0 0.657894 0.636946 0.643640 0.760303 0.867150 0.774830 0.881404 0.651473
0 0.067624 0.324296 0.073310 0.466603 0.339615 0.460617 0.333929 0.318310
0 0.385931 0.170452 0.378557 0.304910 0.622017 0.312420 0.629391 0.177962
0 0.667199 0.343330 0.664189 0.470906 0.886297 0.473853 0.889306 0.346277
0 0.668973 0.482191 0.651991 0.609189 0.879174 0.626277 0.896156 0.499279
0 0.404336 0.325745 0.402362 0.458369 0.642592 0.460381 0.644566 0.327757
0 0.084968 0.476269 0.098601 0.612563 0.356627 0.598045 0.342993 0.461750
0 0.394819 0.480851 0.392596 0.609896 0.629085 0.612187 0.631308 0.483142
0 0.393582 0.618843 0.391117 0.749774 0.624872 0.752250 0.627338 0.621319
0 0.091591 0.608981 0.088278 0.745149 0.351050 0.748745 0.354363 0.612577
