0 0.688322 0.134350 0.679592 0.264272 0.904000 0.272754 0.912730 0.142832
0 0.408431 0.093963 0.390652 0.240436 0.654618 0.258458 0.672397 0.111985
0 0.125718 0.711351 0.140786 0.853665 0.413802 0.837406 0.398735 0.695092
0 0.126292 0.557138 0.135185 0.704667 0.418534 0.695060 0.409642 0.547531
0 0.686792 0.278394 0.686460 0.411949 0.902251 0.412251 0.902583 0.278696
0 0.423628 0.274824 0.428883 0.408899 0.675299 0.403466 0.670044 0.269391
0 0.654050 0.697185 0.665957 0.823551 0.899040 0.811197 0.887133 0.684831
0 0.429586 0.556205 0.434426 0.689353 0.684531 0.684239 0.679691 0.551091
0 0.670309 0.552587 0.670412 0.679221 0.898815 0.679116 0.898712 0.552482
0 0.667283 0.419186 0.664439 0.549095 0.902257 0.552024 0.905101 0.422114
0 0.433216 0.695637 0.435529 0.828010 0.685939 0.825549 0.683626 0.693176
0 0.128756 0.397241 0.128583 0.550415 0.415133 0.550596 0.415306 0.397422
0 0.419404 0.415979 0.420910 0.550716 0.682919 0.549068 0.681413 0.414332
