0 0.132411 0.367565 0.128652 0.496725 0.370657 0.500687 0.374416 0.371527
0 0.153844 0.814875 0.152054 0.946166 0.394384 0.948025 0.396174 0.816733
0 0.683840 0.220622 0.681360 0.351489 0.909592 0.353922 0.912072 0.223055
0 0.684218 0.067382 0.681880 0.197914 0.911649 0.200229 0.913988 0.069697
0 0.404369 0.033325 0.400363 0.331880 0.669248 0.333910 0.673254 0.035355
0 0.123419 0.034776 0.118811 0.195774 0.399690 0.200296 0.404298 0.039298
0 0.686659 0.670172 0.685597 0.796458 0.908107 0.797510 0.909169 0.671224
0 0.702738 0.817868 0.703825 0.939831 0.928210 0.938706 0.927123 0.816744
0 0.399316 0.363999 0.400283 0.499439 0.660101 0.498395 0.659134 0.362956
0 0.150118 0.662201 0.143353 0.793279 0.392221 0.800503 0.398986 0.669426
0 0.423898 0.810749 0.425542 0.938926 0.662366 0.937217 0.660722 0.809040
0 0.433046 0.522568 0.431556 0.650434 0.672876 0.652016 0.674366 0.524150
0 0.689976 0.525021 0.688816 0.650474 0.926388 0.651710 0.927548 0.526257
0 0.153034 0.522086 0.149855 0.649213 0.399353 0.652722 0.402531 0.525595
