0 0.715436 0.653070 0.700548 0.790851 0.946379 0.805793 0.961267 0.668011
0 0.705303 0.171999 0.697350 0.317788 0.951253 0.325579 0.959206 0.179791
0 0.721797 0.484332 0.709674 0.627344 0.959298 0.639246 0.971420 0.496234
0 0.059486 0.311278 0.065856 0.469567 0.356390 0.462991 0.350020 0.304701
0 0.423617 0.310079 0.422276 0.458910 0.689752 0.460265 0.691093 0.311435
0 0.042230 0.133977 0.044076 0.293532 0.335671 0.291634 0.333825 0.132079
0 0.396104 0.134846 0.387024 0.286253 0.666385 0.295676 0.675465 0.144270
0 0.720076 0.330013 0.716759 0.470924 0.967995 0.474251 0.971313 0.333340
0 0.422754 0.482921 0.420183 0.626087 0.680023 0.628712 0.682594 0.485546
0 0.080020 0.477391 0.095659 0.628729 0.378304 0.612299 0.362665 0.460962
0 0.419906 0.640107 0.417958 0.782727 0.674206 0.784695 0.676153 0.642075
