0 0.631248 0.600688 0.606750 0.712131 0.809844 0.737244 0.834342 0.625800
0 0.580833 0.818535 0.723899 0.926332 0.831375 0.846098 0.688309 0.738300
0 0.116581 0.226657 0.149930 0.353824 0.380383 0.319829 0.347033 0.192662
0 0.710706 0.213504 0.758158 0.324023 0.962218 0.274740 0.914766 0.164221
0 0.498317 0.417831 0.494640 0.534516 0.705254 0.538250 0.708931 0.421564
0 0.358939 0.623255 0.332478 0.738361 0.546946 0.766094 0.573408 0.650987
0 0.118597 0.359186 0.117288 0.487783 0.349865 0.489114 0.351174 0.360518
0 0.716218 0.489794 0.705420 0.604936 0.917163 0.616105 0.927961 0.500963
0 0.440737 0.299026 0.504170 0.407863 0.705673 0.341803 0.642239 0.232966
0 0.095323 0.583709 0.132572 0.703052 0.359920 0.663137 0.322670 0.543794
0 0.366444 0.105271 0.385773 0.231192 0.620979 0.210883 0.601650 0.084962
0 0.221722 0.764157 0.226153 0.885880 0.457271 0.881148 0.452840 0.759426
0 0.750779 0.335677 0.748717 0.455242 0.951915 0.457213 0.953977 0.337649
