0 0.784339 0.499902 0.740274 0.591455 0.900093 0.634723 0.944157 0.543171
0 0.687931 0.220515 0.714749 0.320703 0.893440 0.293798 0.866622 0.193610
0 0.601635 0.459447 0.516229 0.538089 0.658538 0.625023 0.743944 0.546380
0 0.728502 0.391860 0.776148 0.484776 0.940911 0.437253 0.893266 0.344336
0 0.459554 0.114693 0.495237 0.221846 0.687116 0.185904 0.651433 0.078751
0 0.838923 0.655002 0.759437 0.731584 0.892142 0.809062 0.971629 0.732480
0 0.316769 0.449925 0.262147 0.553613 0.452158 0.609918 0.506781 0.506229
0 0.043556 0.480920 0.047900 0.598232 0.265750 0.593694 0.261405 0.476382
0 0.543547 0.290954 0.542040 0.397702 0.724886 0.399154 0.726393 0.292406
0 0.206432 0.310214 0.236887 0.423769 0.445530 0.392293 0.415075 0.278738
0 0.156871 0.729125 0.236385 0.822643 0.416909 0.736305 0.337395 0.642786
0 0.520616 0.671385 0.523881 0.774926 0.714278 0.771549 0.711013 0.668009
