0 0.684723 0.060423 0.676576 0.195513 0.915640 0.203623 0.923787 0.068533
0 0.098091 0.376167 0.095383 0.517286 0.354930 0.520088 0.357639 0.378970
0 0.685884 0.694117 0.689746 0.823844 0.922210 0.819951 0.918348 0.690224
0 0.700996 0.838216 0.706591 0.965662 0.949113 0.959674 0.943518 0.832227
0 0.682598 0.222810 0.681718 0.358888 0.914739 0.359735 0.915619 0.223657
0 0.124106 0.706717 0.121741 0.837460 0.378463 0.840072 0.380827 0.709329
0 0.417919 0.845468 0.423442 0.975818 0.671701 0.969902 0.666178 0.839551
0 0.395675 0.018555 0.384144 0.328578 0.670019 0.334559 0.681550 0.024536
0 0.078641 0.013337 0.071680 0.184811 0.388185 0.192038 0.395145 0.020564
0 0.117656 0.537774 0.117111 0.683728 0.409732 0.684343 0.410277 0.538389
0 0.121461 0.857683 0.123964 1.000000 0.407737 1.000000 0.405234 0.854960
0 0.427751 0.539659 0.427095 0.665022 0.672958 0.665745 0.673614 0.540383
0 0.391587 0.379169 0.391396 0.518520 0.661009 0.518728 0.661200 0.379377
0 0.084225 0.195428 0.082085 0.353977 0.395399 0.356356 0.397539 0.197807
